7	7	0				
-0.9	-1.9	-3	-3.4	-3	-1.9	-0.9
-1.9	-3.9	-5.9	-6.5	-5.9	-3.9	-1.9
-3	-5.9	-2	16.4	-2	-5.9	-3
-3.4	-6.5	16.4	87.6	16.4	-6.5	-3.4
-3	-5.9	-2	16.4	-2	-5.9	-3
-1.9	-3.9	-5.9	-6.5	-5.9	-3.9	-1.9
-0.9	-1.9	-3	-3.4	-3	-1.9	-0.9