11	11	9978
 0     	 0     	 0     	 0     	 0     	 0     	 0     	 0     	 0     	 0     	 0     	
 0     	 0     	 0     	 0     	 0     	-74    	-82    	-51    	 0     	 0     	 0     	
 0     	 0     	 0     	-48    	-158   	-224   	-178   	-72    	 0     	 0     	 0     	
 0     	 0     	-48    	-203   	-369   	-377   	-195   	 0     	 72    	 51    	 0     	
 0     	 0     	-158   	-369   	-484   	-323   	 0     	 195   	 178   	 82    	 0     	
 0     	-74    	-224   	-377   	-323   	 0     	 323   	 377   	 224   	 74    	 0     	
 0     	-82    	-178   	-195   	 0     	 323   	 484   	 369   	 158   	 0     	 0     	
 0     	-51    	-72    	 0     	 195   	 377   	 369   	 203   	 48    	 0     	 0     	
 0     	 0     	 0     	 72    	 178   	 224   	 158   	 48    	 0     	 0     	 0     	
 0     	 0     	 0     	 51    	 82    	 74    	 0     	 0     	 0     	 0     	 0     	
 0     	 0     	 0     	 0     	 0     	 0     	 0     	 0     	 0     	 0     	 0     	
