15 15 -999898
0	0	0	-1380	-1742	-2058	-2275	-2352	-2275	-2058	-1742	-1380	0	0	0	
0	0	-1576	-2128	-2688	-3175	-3509	-3628	-3509	-3175	-2688	-2128	-1576	0	0	
0	-1576	-2275	-3071	-3878	-4582	-5063	-5235	-5063	-4582	-3878	-3071	-2275	-1576	0	
-1380	-2128	-3071	-4145	-5235	-6185	-6835	-7067	-6835	-6185	-5235	-4145	-3071	-2128	-1380	
-1742	-2688	-3878	-5235	-6611	-7810	-8631	-8924	-8631	-7810	-6611	-5235	-3878	-2688	-1742	
-2058	-3175	-4582	-6185	-7810	-9227	-10197	-10543	-10197	-9227	-7810	-6185	-4582	-3175	-2058	
-2275	-3509	-5063	-6835	-8631	-10197	-11269	-11651	-11269	-10197	-8631	-6835	-5063	-3509	-2275	
-2352	-3628	-5235	-7067	-8924	-10543	-11651	-12046	-11651	-10543	-8924	-7067	-5235	-3628	-2352	
-2275	-3509	-5063	-6835	-8631	-10197	-11269	-11651	-11269	-10197	-8631	-6835	-5063	-3509	-2275	
-2058	-3175	-4582	-6185	-7810	-9227	-10197	-10543	-10197	-9227	-7810	-6185	-4582	-3175	-2058	
-1742	-2688	-3878	-5235	-6611	-7810	-8631	-8924	-8631	-7810	-6611	-5235	-3878	-2688	-1742	
-1380	-2128	-3071	-4145	-5235	-6185	-6835	-7067	-6835	-6185	-5235	-4145	-3071	-2128	-1380	
0	-1576	-2275	-3071	-3878	-4582	-5063	-5235	-5063	-4582	-3878	-3071	-2275	-1576	0	
0	0	-1576	-2128	-2688	-3175	-3509	-3628	-3509	-3175	-2688	-2128	-1576	0	0	
0	0	0	-1380	-1742	-2058	-2275	-2352	-2275	-2058	-1742	-1380	0	0	0	
